기간	구분	합계	일반이용자	운동시설	자전거	주요행사 및 마라톤	특화공원	기타
2014.01	합계	3,008,543	1,141,518	391,969	733,291	32,677	562,013	147,075
2014.01	광나루	99,320	53,455	8,505	33,544	387	-	3,429
2014.01	잠실	164,429	86,888	10,397	47,295	2,476	-	17,373
2014.01	뚝섬	1,122,210	370,010	233,840	267,245	8,410	203,418	39,287
2014.01	잠원	161,152	100,321	10,287	38,838	-	-	11,706
2014.01	반포	143,278	69,263	31,338	36,666	17	-	5,994
2014.01	이촌	222,170	85,530	47,310	82,060	-	-	7,270
2014.01	여의도	573,787	145,808	18,035	55,147	17,100	281,430	56,267
2014.01	양화	117,184	51,774	12,660	49,781	900	-	2,069
2014.01	망원	140,840	83,720	16,330	38,630	1,570	-	590
2014.01	난지	194,874	64,314	900	47,945	1,780	77,165	2,770
2014.01	강서	69,299	30,435	2,367	36,140	37	-	320
2014.02	합계	2,908,749	1,178,270	376,223	733,433	53,118	475,346	92,359
2014.02	광나루	103,784	43,427	11,982	33,224	12,389	-	2,762
2014.02	잠실	168,124	89,708	11,471	45,931	5,650	-	15,364
2014.02	뚝섬	1,042,352	399,490	207,625	241,265	6,760	176,220	10,992
2014.02	잠원	159,839	95,137	11,539	41,614	3,500	-	8,049
2014.02	반포	126,817	54,991	29,334	36,811	-	-	5,681
2014.02	이촌	220,990	90,100	46,130	77,745	-	-	7,015
2014.02	여의도	580,434	183,281	19,934	63,327	18,823	259,911	35,158
2014.02	양화	109,460	50,396	12,176	44,228	1,050	-	1,610
2014.02	망원	135,890	74,140	14,785	44,810	1,315	-	840
2014.02	난지	164,187	60,235	8,607	49,565	2,029	39,215	4,536
2014.02	강서	96,872	37,365	2,640	54,913	1,602	-	352
2014.03	합계	4,563,720	1,890,267	487,435	1,081,649	67,079	911,329	125,961
2014.03	광나루	114,820	50,951	15,960	44,094	3,429	-	386
2014.03	잠실	244,399	121,761	13,877	80,028	12,943	-	15,790
2014.03	뚝섬	1,203,765	395,830	238,340	281,080	12,870	262,041	13,604
2014.03	잠원	219,432	123,554	16,725	69,058	-	-	10,095
2014.03	반포	167,561	75,386	36,205	49,386	-	-	6,584
2014.03	이촌	298,295	135,640	64,330	90,730	300	-	7,295
2014.03	여의도	1,400,863	629,302	30,044	129,639	28,994	528,758	54,126
2014.03	양화	235,076	105,607	30,223	96,286	1,500	-	1,460
2014.03	망원	193,530	100,420	23,604	65,946	1,660	-	1,900
2014.03	난지	350,026	103,151	14,044	92,825	5,262	120,530	14,214
2014.03	강서	135,953	48,665	4,083	82,577	121	-	507
2014.04	합계	8,242,222	4,410,449	561,156	1,457,821	131,824	1,487,208	193,764
2014.04	광나루	184,646	70,219	32,693	74,718	2,058	-	4,958
2014.04	잠실	224,716	122,709	9,393	77,477	6,406	-	8,731
2014.04	뚝섬	1,386,969	409,050	242,205	344,080	63,850	299,154	28,630
2014.04	잠원	184,164	103,880	18,777	53,828	120	-	7,559
2014.04	반포	227,968	96,465	47,494	73,775	1,440	625	8,169
2014.04	이촌	331,444	134,310	64,695	122,900	-	-	9,539
2014.04	여의도	4,427,790	2,952,240	34,523	236,480	28,001	1,084,764	91,782
2014.04	양화	449,679	219,692	34,586	184,818	7,823	-	2,760
2014.04	망원	258,732	119,980	45,317	85,525	5,565	-	2,345
2014.04	난지	401,793	129,356	19,170	106,255	15,330	102,665	29,017
2014.04	강서	164,321	52,548	12,303	97,965	1,231	-	274
2014.05	합계	6,551,307	2,521,336	600,125	1,779,664	113,776	1,347,128	189,278
2014.05	광나루	214,372	72,741	34,625	103,243	1,645	-	2,118
2014.05	잠실	281,757	141,263	15,829	105,523	5,826	-	13,316
2014.05	뚝섬	1,343,058	435,217	204,747	342,569	22,485	310,802	27,238
2014.05	잠원	169,055	94,222	16,562	52,480	-	-	5,791
2014.05	반포	286,222	119,770	62,089	94,572	369	6,510	2,912
2014.05	이촌	406,125	161,670	75,785	151,130	-	-	17,540
2014.05	여의도	2,107,003	855,023	33,706	272,033	22,158	849,091	74,992
2014.05	양화	548,050	224,172	42,935	272,742	3,924	-	4,277
2014.05	망원	301,595	125,060	59,560	107,670	5,825	-	3,480
2014.05	난지	624,089	219,941	29,719	106,145	50,485	180,725	37,074
2014.05	강서	269,981	72,257	24,568	171,557	1,059	-	540
2014.06	합계	6,084,170	2,357,993	561,799	1,596,690	128,608	1,243,755	195,325
2014.06	광나루	216,566	82,610	40,720	87,628	2,513	-	3,095
2014.06	잠실	255,282	121,470	20,565	94,163	6,397	-	12,687
2014.06	뚝섬	1,417,531	449,215	200,600	317,975	42,770	362,972	43,999
2014.06	잠원	158,793	95,504	11,810	44,416	-	-	7,063
2014.06	반포	336,932	122,186	53,628	96,708	571	62,706	1,133
2014.06	이촌	401,053	147,480	72,470	165,550	-	-	15,553
2014.06	여의도	1,745,469	770,860	20,713	196,279	32,426	652,264	72,927
2014.06	양화	442,814	169,464	41,954	223,117	4,577	-	3,702
2014.06	망원	327,021	141,680	65,365	107,320	5,550	-	7,106
2014.06	난지	520,938	189,420	4,451	100,450	33,175	165,813	27,629
2014.06	강서	261,771	68,104	29,523	163,084	629	-	431
2014.07	합계	6,003,831	2,164,433	505,099	1,565,295	53,563	1,358,339	357,102
2014.07	광나루	268,676	86,225	36,926	111,542	8,487	-	25,496
2014.07	잠실	263,842	117,179	22,913	81,348	5,448	-	36,954
2014.07	뚝섬	1,520,135	458,255	155,223	389,200	22,507	377,515	117,435
2014.07	잠원	193,132	97,415	12,450	49,003	-	-	34,264
2014.07	반포	359,837	126,356	53,738	93,817	272	84,554	1,100
2014.07	이촌	350,524	123,450	59,110	151,720	-	-	16,244
2014.07	여의도	1,558,510	599,346	17,524	164,220	7,607	701,725	68,088
2014.07	양화	363,458	138,277	35,324	183,272	2,288	-	4,297
2014.07	망원	340,160	140,640	58,610	103,850	2,800	-	34,260
2014.07	난지	529,573	202,672	20,643	89,745	3,505	194,545	18,463
2014.07	강서	255,984	74,618	32,638	147,578	649	-	501
2014.08	합계	6,298,113	2,397,230	540,366	1,591,506	70,020	1,365,409	333,582
2014.08	광나루	288,194	95,349	43,637	128,782	4,281	-	16,145
2014.08	잠실	295,086	128,953	25,202	95,152	9,179	-	36,600
2014.08	뚝섬	1,543,288	483,045	153,545	346,983	30,126	426,502	103,087
2014.08	잠원	215,919	108,968	14,849	57,030	30	-	35,042
2014.08	반포	432,527	152,719	61,549	118,768	3,692	94,336	1,463
2014.08	이촌	341,509	128,225	57,345	143,290	-	-	12,649
2014.08	여의도	1,524,157	636,938	11,719	136,429	10,066	657,839	71,166
2014.08	양화	422,059	181,135	45,496	189,343	2,979	-	3,106
2014.08	망원	350,338	137,910	62,260	109,680	3,045	-	37,443
2014.08	난지	589,948	255,866	22,976	102,210	5,770	186,732	16,394
2014.08	강서	295,088	88,122	41,788	163,839	852	-	487
2014.09	합계	6,414,526	2,398,259	512,704	1,799,076	202,864	1,353,891	147,732
2014.09	광나루	350,311	145,561	51,875	138,062	7,493	-	7,320
2014.09	잠실	272,496	121,750	25,690	105,362	8,487	-	11,207
2014.09	뚝섬	1,394,542	507,331	112,415	360,183	15,530	366,985	32,098
2014.09	잠원	191,073	99,968	24,716	59,575	540	-	6,274
2014.09	반포	459,700	155,778	61,146	116,478	5,601	118,329	2,368
2014.09	이촌	446,652	132,976	58,290	240,620	-	-	14,766
2014.09	여의도	1,584,113	600,535	12,622	162,541	101,810	671,382	35,223
2014.09	양화	397,599	159,081	37,233	191,680	4,340	-	5,265
2014.09	망원	318,820	135,530	66,050	108,280	4,440	-	4,520
2014.09	난지	625,419	229,735	22,485	98,815	49,010	197,195	28,179
2014.09	강서	373,801	110,014	40,182	217,480	5,613	-	512
2014.10	합계	7,437,783	2,341,935	520,902	1,550,398	1,549,963	1,339,119	135,466
2014.10	광나루	350,007	141,618	57,959	139,495	4,260	-	6,675
2014.10	잠실	224,484	98,298	23,089	79,190	13,642	-	10,265
2014.10	뚝섬	1,224,536	376,171	122,337	307,555	31,443	363,511	23,519
2014.10	잠원	179,628	104,165	12,240	50,930	4,990	-	7,303
2014.10	반포	495,673	156,425	56,312	111,635	45,745	123,406	2,150
2014.10	이촌	919,071	163,590	66,650	164,848	506,300	-	17,683
2014.10	여의도	2,298,319	503,681	16,438	146,495	922,977	673,732	34,996
2014.10	양화	447,854	206,860	37,113	190,986	7,546	-	5,349
2014.10	망원	504,930	322,550	72,070	101,620	3,860	-	4,830
2014.10	난지	493,456	176,040	14,763	95,080	6,860	178,470	22,243
2014.10	강서	299,825	92,537	41,931	162,564	2,340	-	453
2014.11	합계	4,095,622	1,482,600	404,461	1,116,780	97,185	916,609	77,987
2014.11	광나루	310,445	123,368	49,987	126,937	9,400	-	753
2014.11	잠실	154,626	70,442	15,772	59,629	4,078	-	4,705
2014.11	뚝섬	933,630	319,580	95,496	224,020	36,112	240,588	17,834
2014.11	잠원	150,566	87,626	9,140	48,818	-	-	4,982
2014.11	반포	291,596	95,793	42,583	70,427	15,130	66,299	1,364
2014.11	이촌	294,726	109,360	49,890	125,430	500	-	9,546
2014.11	여의도	800,349	223,445	9,787	91,992	20,944	428,162	26,019
2014.11	양화	211,473	85,945	28,087	90,972	3,888	-	2,581
2014.11	망원	221,545	93,540	51,470	72,440	1,855	-	2,240
2014.11	난지	535,360	210,096	18,583	114,460	3,070	181,560	7,591
2014.11	강서	191,306	63,405	33,666	91,655	2,208	-	372
2014.12	합계	2,876,513	1,377,995	243,727	649,509	20,339	525,916	59,027
2014.12	광나루	222,250	91,784	40,365	85,831	3,820	-	450
2014.12	잠실	98,710	47,373	8,554	35,003	3,583	-	4,197
2014.12	뚝섬	936,013	574,572	52,934	170,541	4,745	117,739	15,482
2014.12	잠원	113,681	64,989	10,392	29,865	-	-	8,435
2014.12	반포	232,152	76,314	34,454	51,630	24	68,670	1,060
2014.12	이촌	153,716	71,130	25,770	51,840	-	-	4,976
2014.12	여의도	450,399	145,060	5,629	32,202	2,601	245,182	19,725
2014.12	양화	106,536	54,424	13,123	36,440	1,200	-	1,349
2014.12	망원	147,310	71,970	29,995	42,810	1,395	-	1,140
2014.12	난지	325,405	143,215	7,498	75,680	2,610	94,325	2,077
2014.12	강서	90,341	37,164	15,013	37,667	361	-	136
2015.01	합계	2,705,168	1,145,639	304,201	658,457	25,976	482,738	88,157
2015.01	광나루	209,080	79,005	42,671	82,095	4,668	-	641
2015.01	잠실	128,977	64,408	14,413	40,966	3,652	-	5,538
2015.01	뚝섬	700,240	281,780	81,467	141,730	7,528	138,299	49,436
2015.01	잠원	114,842	66,230	9,920	31,793	320	-	6,579
2015.01	반포	245,140	88,684	39,192	57,375	-	58,661	1,228
2015.01	이촌	164,538	78,090	26,670	54,830	-	-	4,948
2015.01	여의도	352,638	113,224	4,939	32,326	3,035	183,988	15,126
2015.01	양화	139,181	68,045	13,615	54,418	1,468	-	1,635
2015.01	망원	183,200	84,280	38,450	56,750	2,260	-	1,460
2015.01	난지	369,424	183,335	13,204	67,275	2,550	101,790	1,270
2015.01	강서	97,908	38,558	19,660	38,899	495	-	296
2015.02	합계	2,781,299	1,112,492	307,485	725,456	44,340	499,031	92,495
2015.02	광나루	208,861	70,271	41,911	85,710	10,379	-	590
2015.02	잠실	110,896	56,836	11,840	31,210	6,672	-	4,338
2015.02	뚝섬	781,974	314,412	70,843	193,613	7,815	161,556	33,735
2015.02	잠원	108,039	53,244	11,635	30,345	7,000	-	5,815
2015.02	반포	248,158	86,025	40,492	56,415	-	63,870	1,356
2015.02	이촌	197,865	83,735	39,500	66,145	-	-	8,485
2015.02	여의도	420,794	123,690	4,712	45,702	4,340	208,760	33,590
2015.02	양화	152,935	69,208	17,836	61,822	2,298	-	1,771
2015.02	망원	170,580	78,720	38,630	49,870	1,930	-	1,430
2015.02	난지	276,395	136,835	9,678	60,795	3,185	64,845	1,057
2015.02	강서	104,802	39,516	20,408	43,829	721	-	328
2015.03	합계	4,314,813	1,692,477	455,776	1,159,344	63,952	838,328	104,936
2015.03	광나루	268,620	85,291	52,566	122,583	7,585	-	595
2015.03	잠실	157,616	66,675	14,232	52,742	18,573	-	5,394
2015.03	뚝섬	1,201,565	500,178	138,305	279,295	24,976	233,444	25,367
2015.03	잠원	126,499	65,350	21,436	33,367	-	-	6,346
2015.03	반포	335,796	111,794	45,844	69,997	-	106,722	1,439
2015.03	이촌	285,260	122,800	50,070	100,590	-	-	11,800
2015.03	여의도	837,829	273,454	7,558	100,492	3,412	409,737	43,176
2015.03	양화	268,540	118,862	28,305	115,653	2,010	-	3,710
2015.03	망원	227,780	100,230	49,430	72,320	3,270	-	2,530
2015.03	난지	377,090	191,390	16,858	73,200	3,045	88,425	4,172
2015.03	강서	228,218	56,453	31,172	139,105	1,081	-	407
2015.04	합계	6,213,826	2,427,928	497,499	1,443,956	107,411	1,545,468	191,564
2015.04	광나루	261,226	83,744	50,164	120,145	5,880	-	1,293
2015.04	잠실	147,743	65,585	17,022	51,885	7,239	-	6,012
2015.04	뚝섬	1,357,091	448,259	141,167	434,976	52,511	251,124	29,054
2015.04	잠원	163,826	77,920	26,080	52,320	220	-	7,286
2015.04	반포	374,358	127,330	48,977	75,430	-	120,900	1,721
2015.04	이촌	295,733	120,453	54,570	107,750	400	-	12,560
2015.04	여의도	2,250,116	934,861	8,585	153,323	14,432	1,043,794	95,121
2015.04	양화	389,968	177,148	41,370	161,042	4,479	-	5,929
2015.04	망원	229,240	97,730	50,190	72,850	5,320	-	3,150
2015.04	난지	502,571	229,240	21,097	77,820	15,710	129,650	29,054
2015.04	강서	241,954	65,658	38,277	136,415	1,220	-	384
2015.05	합계	7,770,685	2,887,237	648,716	1,841,912	208,515	1,996,108	188,197
2015.05	광나루	325,786	91,670	70,139	152,869	9,514	-	1,594
2015.05	잠실	203,222	92,255	25,523	69,436	8,256	-	7,752
2015.05	뚝섬	1,532,258	515,991	138,192	353,269	56,557	426,488	41,761
2015.05	잠원	335,156	157,415	50,215	106,685	8,570	-	12,271
2015.05	반포	689,660	218,320	66,510	162,090	5,000	234,733	3,007
2015.05	이촌	450,526	184,476	91,705	144,420	70	-	29,855
2015.05	여의도	2,410,584	935,352	13,889	191,143	16,384	1,178,142	75,674
2015.05	양화	552,857	231,200	58,055	252,861	3,371	-	7,370
2015.05	망원	308,380	128,730	60,930	101,200	11,860	-	5,660
2015.05	난지	601,901	230,310	26,901	97,715	87,535	156,745	2,695
2015.05	강서	360,355	101,518	46,657	210,224	1,398	-	558
2015.06	합계	5,371,905	1,793,712	581,909	1,532,445	70,383	1,211,873	181,583
2015.06	광나루	294,938	92,640	59,592	139,526	2,331	-	849
2015.06	잠실	167,644	75,995	13,952	63,920	4,352	-	9,425
2015.06	뚝섬	1,333,447	416,400	88,650	418,105	46,769	277,495	86,028
2015.06	잠원	345,788	146,980	63,185	125,875	90	-	9,658
2015.06	반포	551,602	163,665	77,785	108,997	-	198,356	2,799
2015.06	이촌	435,090	169,590	93,440	138,200	-	-	33,860
2015.06	여의도	932,363	245,221	16,828	78,059	5,464	568,302	18,489
2015.06	양화	295,263	110,563	45,037	135,125	679	-	3,859
2015.06	망원	272,135	117,120	57,070	89,130	3,765	-	5,050
2015.06	난지	475,305	178,780	24,233	87,380	6,075	167,720	11,117
2015.06	강서	268,330	76,758	42,137	148,128	858	-	449
2015.07	합계	6,804,488	2,246,777	631,723	1,514,528	79,393	2,094,315	237,752
2015.07	광나루	390,698	127,281	74,900	173,930	4,968	-	9,619
2015.07	잠실	185,154	83,459	12,753	66,346	2,148	-	20,448
2015.07	뚝섬	1,274,014	502,547	106,824	287,835	40,944	283,073	52,791
2015.07	잠원	390,833	167,860	58,915	133,680	-	-	30,378
2015.07	반포	549,779	169,340	86,560	111,420	2,850	176,823	2,786
2015.07	이촌	386,044	151,970	72,700	126,755	-	-	34,619
2015.07	여의도	2,062,852	489,587	35,148	129,241	12,241	1,351,346	45,289
2015.07	양화	390,052	155,688	63,680	159,569	1,944	-	9,171
2015.07	망원	266,124	113,430	48,360	86,110	3,120	-	15,104
2015.07	난지	650,398	207,780	25,433	106,440	10,485	283,073	17,187
2015.07	강서	258,540	77,835	46,450	133,202	693	-	360
2015.08	합계	13,203,727	5,008,693	1,383,789	2,576,813	527,484	3,029,780	677,168
2015.08	광나루	533,248	160,000	111,952	230,685	5,789	-	24,822
2015.08	잠실	274,899	113,515	13,178	92,661	12,490	-	43,055
2015.08	뚝섬	3,926,514	1,650,196	573,439	462,367	42,807	984,071	213,634
2015.08	잠원	426,568	204,925	5,350	199,129	9,611	-	7,553
2015.08	반포	691,524	246,930	89,450	138,900	12,348	200,820	3,076
2015.08	이촌	1,489,105	615,800	318,695	328,240	70,490	-	155,880
2015.08	여의도	2,822,946	836,218	19,714	145,034	328,521	1,394,449	99,010
2015.08	양화	1,038,635	458,156	69,793	439,544	11,797	-	59,345
2015.08	망원	412,908	166,790	67,520	121,800	6,813	-	49,985
2015.08	난지	1,243,982	473,865	66,836	206,665	25,785	450,440	20,391
2015.08	강서	343,398	82,298	47,862	211,788	1,033	-	417
2015.09	합계	8,161,326	2,830,657	689,146	1,919,671	226,369	2,318,873	176,610
2015.09	광나루	408,081	115,720	90,678	193,530	7,050	-	1,103
2015.09	잠실	208,038	92,904	20,607	80,817	5,207	-	8,503
2015.09	뚝섬	1,554,160	535,046	116,843	344,738	25,339	474,465	57,729
2015.09	잠원	359,034	190,697	1,610	155,770	9,777	-	1,180
2015.09	반포	644,430	192,323	81,196	122,398	28,414	217,896	2,203
2015.09	이촌	673,590	383,330	63,160	199,460	-	-	27,640
2015.09	여의도	2,306,074	604,174	17,255	159,627	35,883	1,441,237	47,898
2015.09	양화	404,187	152,841	71,122	172,455	3,993	-	3,776
2015.09	망원	611,790	264,140	133,580	199,120	9,080	-	5,870
2015.09	난지	643,155	197,115	35,101	104,865	100,545	185,275	20,254
2015.09	강서	348,787	102,367	57,994	186,891	1,081	-	454
2015.10	합계	8,699,644	3,135,463	680,469	923,954	1,437,012	2,188,661	334,085
2015.10	광나루	345,873	110,495	80,990	145,027	8,536	-	825
2015.10	잠실	189,648	78,071	19,615	69,019	14,757	-	8,186
2015.10	뚝섬	1,153,003	531,454	114,587	116,500	38,877	274,265	77,320
2015.10	잠원	423,156	217,645	79,578	107,675	2,770	-	15,488
2015.10	반포	632,266	183,020	83,988	97,246	-	193,285	74,727
2015.10	이촌	894,940	318,550	74,060	31,690	450,000	-	20,640
2015.10	여의도	3,457,433	1,049,925	19,147	135,387	672,862	1,525,011	55,101
2015.10	양화	386,143	229,998	63,624	85,655	2,790	-	4,076
2015.10	망원	477,750	143,900	74,220	26,750	227,130	-	5,750
2015.10	난지	480,286	177,655	16,737	-	18,200	196,100	71,594
2015.10	강서	259,146	94,750	53,923	109,005	1,090	-	378
2015.11	합계	1,490,229	559,965	226,141	369,010	65,456	160,342	109,315
2015.11	광나루	108,444	19,804	5,758	73,456	8,957	-	469
2015.11	잠실	55,648	14,071	9,615	9,019	14,757	-	8,186
2015.11	뚝섬	153,886	48,391	8,767	24,310	15,265	36,133	21,020
2015.11	잠원	53,891	29,293	6,035	5,545	-	-	13,018
2015.11	반포	259,640	30,010	59,117	85,783	-	81,939	2,791
2015.11	이촌	95,917	35,287	14,810	33,120	-	-	12,700
2015.11	여의도	196,116	59,910	8,182	38,173	7,444	42,270	40,137
2015.11	양화	114,352	36,031	41,544	34,520	258	-	1,999
2015.11	망원	128,744	80,134	13,910	25,430	5,895	-	3,375
2015.11	난지	189,643	129,110	13,909	29,290	11,880	-	5,454
2015.11	강서	133,948	77,924	44,494	10,364	1,000	-	166
2015.12	합계	1,074,235	417,675	136,556	151,321	29,272	293,295	46,116
2015.12	광나루	29,528	9,916	6,162	10,571	2,533	-	346
2015.12	잠실	26,695	10,806	5,158	6,421	3,179	-	1,131
2015.12	뚝섬	186,558	79,315	17,328	15,348	7,767	55,775	11,025
2015.12	잠원	80,318	41,376	10,450	16,710	-	-	11,782
2015.12	반포	144,591	10,444	5,540	15,371	-	113,136	100
2015.12	이촌	63,706	34,106	10,580	14,340	-	-	4,680
2015.12	여의도	211,383	92,803	8,182	14,173	7,444	78,644	10,137
2015.12	양화	96,124	35,793	39,331	18,973	81	-	1,946
2015.12	망원	77,751	34,131	13,880	24,320	2,720	-	2,700
2015.12	난지	109,693	38,750	8,670	9,855	4,610	45,740	2,068
2015.12	강서	47,888	30,235	11,275	5,239	938	-	201
2016.01	합계	3,438,959	1,387,693	394,001	820,721	19,582	726,042	90,920
2016.01	광나루	276,809	91,015	64,299	118,330	2,847	-	318
2016.01	잠실	116,826	55,905	18,171	34,371	1,442	-	6,937
2016.01	뚝섬	693,001	312,240	57,957	152,205	4,307	134,886	31,406
2016.01	잠원	358,946	156,290	59,820	133,490	-	-	9,346
2016.01	반포	350,876	105,740	42,440	63,690	1,526	135,410	2,070
2016.01	이촌	180,590	131,190	18,190	27,530	-	-	3,680
2016.01	여의도	716,756	223,477	6,712	39,636	3,573	411,141	32,217
2016.01	양화	171,113	69,070	35,808	64,955	97	-	1,183
2016.01	망원	200,630	93,610	42,600	59,720	2,330	-	2,370
2016.01	난지	177,837	78,705	7,016	43,725	2,520	44,605	1,266
2016.01	강서	195,575	70,451	40,988	83,069	940	-	127
2016.02	합계	3,442,621	1,420,766	383,142	808,188	35,736	731,674	63,115
2016.02	광나루	268,373	88,820	61,011	116,286	1,983	-	273
2016.02	잠실	144,457	65,501	22,963	41,315	8,200	-	6,478
2016.02	뚝섬	726,524	349,315	53,494	166,124	3,363	133,427	20,801
2016.02	잠원	306,450	129,889	52,325	116,425	250	-	7,561
2016.02	반포	292,824	101,689	39,273	63,020	4,082	83,235	1,525
2016.02	이촌	226,630	165,350	38,080	20,290	-	-	2,910
2016.02	여의도	743,706	201,704	5,778	37,743	3,410	477,426	17,645
2016.02	양화	193,864	89,723	33,476	68,105	433	-	2,127
2016.02	망원	182,990	88,970	34,390	52,770	5,035	-	1,825
2016.02	난지	156,177	66,330	6,331	36,850	7,211	37,586	1,869
2016.02	강서	200,626	73,475	36,021	89,260	1,769	-	101
2016.03	합계	5,115,738	2,078,992	586,134	1,288,194	53,290	1,010,068	99,060
2016.03	광나루	360,224	109,865	76,678	168,547	4,718	-	416
2016.03	잠실	239,729	101,264	43,891	78,851	6,500	-	9,223
2016.03	뚝섬	1,201,251	614,090	115,280	241,499	22,080	190,466	17,836
2016.03	잠원	351,352	148,600	54,820	139,820	-	-	8,112
2016.03	반포	419,008	147,800	56,628	86,294	2,014	124,214	2,058
2016.03	이촌	361,460	205,610	58,570	86,790	-	-	10,490
2016.03	여의도	984,061	248,821	7,772	72,359	8,345	612,666	34,098
2016.03	양화	329,198	148,338	59,086	118,872	310	-	2,592
2016.03	망원	247,550	113,010	49,530	79,500	3,190	-	2,320
2016.03	난지	339,918	145,980	13,472	81,100	4,866	82,722	11,778
2016.03	강서	281,987	95,614	50,407	134,562	1,267	-	137
2016.04	합계	4,747,476	1,904,387	594,729	1,378,288	58,071	704,071	107,930
2016.04	광나루	379,776	110,077	80,306	183,744	4,029	-	1,620
2016.04	잠실	310,583	142,801	48,315	99,773	7,492	-	12,202
2016.04	뚝섬	1,152,218	512,394	112,453	245,954	18,925	240,206	22,286
2016.04	잠원	343,984	147,900	59,510	129,330	112	-	7,132
2016.04	반포	507,023	149,800	59,807	88,580	4,499	199,568	4,769
2016.04	이촌	309,375	177,830	46,740	71,730	-	-	13,075
2016.04	여의도	280,685	73,046	1,696	19,147	250	175,761	10,785
2016.04	양화	478,675	219,400	63,279	192,281	415	-	3,300
2016.04	망원	270,240	114,090	55,990	91,510	5,280	-	3,370
2016.04	난지	390,812	156,240	14,353	86,800	15,708	88,536	29,175
2016.04	강서	324,105	100,809	52,280	169,439	1,361	-	216
2016.05	합계	7,366,536	2,603,900	657,589	1,617,165	285,448	1,977,869	224,565
2016.05	광나루	393,620	117,915	85,311	179,835	8,474	-	2,085
2016.05	잠실	333,953	156,747	57,328	100,737	4,992	-	14,149
2016.05	뚝섬	1,495,923	603,026	109,334	322,489	67,437	351,794	41,843
2016.05	잠원	379,953	161,380	56,450	149,600	2,760	-	9,763
2016.05	반포	771,399	216,030	75,421	120,190	72,203	277,266	10,289
2016.05	이촌	323,000	179,770	56,620	76,380	-	-	10,230
2016.05	여의도	2,077,532	566,953	11,247	115,589	58,238	1,253,763	71,742
2016.05	양화	394,426	167,552	66,440	156,631	744	-	3,059
2016.05	망원	293,115	125,920	62,040	95,860	4,510	-	4,785
2016.05	난지	543,690	197,280	20,582	109,600	64,876	95,046	56,306
2016.05	강서	359,925	111,327	56,816	190,254	1,214	-	314
2016.06	합계	7,848,587	2,721,851	742,897	1,851,486	222,978	2,051,144	258,231
2016.06	광나루	385,115	115,325	82,111	179,350	4,821	-	3,508
2016.06	잠실	495,676	165,519	107,352	187,612	10,646	-	24,547
2016.06	뚝섬	1,737,554	710,965	121,657	417,231	45,447	405,074	37,180
2016.06	잠원	383,634	169,038	71,198	131,343	-	-	12,055
2016.06	반포	769,056	263,510	90,137	139,826	5,448	248,812	21,323
2016.06	이촌	344,164	131,750	76,170	118,920	5,010	-	12,314
2016.06	여의도	2,061,532	502,737	10,621	157,649	71,380	1,237,703	81,442
2016.06	양화	362,228	161,865	46,950	150,317	813	-	2,283
2016.06	망원	311,975	135,420	57,220	102,330	7,220	-	9,785
2016.06	난지	684,477	261,090	24,628	116,040	69,947	159,555	53,217
2016.06	강서	313,176	104,632	54,853	150,868	2,246	-	577
2016.07	합계	8,228,965	2,867,123	828,544	1,781,744	198,238	2,145,308	408,008
2016.07	광나루	390,016	111,992	80,981	177,825	3,390	-	15,828
2016.07	잠실	477,063	162,450	91,907	176,780	2,692	-	43,234
2016.07	뚝섬	1,824,317	768,190	220,022	414,920	27,766	307,065	86,354
2016.07	잠원	348,610	151,186	71,648	103,220	75	-	22,481
2016.07	반포	759,010	249,910	83,741	176,060	4,220	233,067	12,012
2016.07	이촌	364,585	131,618	86,720	129,815	3,460	-	12,972
2016.07	여의도	2,342,595	583,847	7,406	112,986	134,284	1,380,610	123,462
2016.07	양화	308,365	132,887	43,315	124,221	1,452	-	6,490
2016.07	망원	331,483	137,589	51,665	97,950	8,285	-	35,994
2016.07	난지	798,934	334,080	32,165	148,480	11,136	224,566	48,507
2016.07	강서	283,987	103,374	58,974	119,487	1,478	-	674
2016.08	합계	9,415,349	3,206,130	868,085	2,094,210	273,815	2,456,016	517,093
2016.08	광나루	449,821	127,560	90,085	207,481	4,157	-	20,538
2016.08	잠실	568,458	188,110	106,472	212,795	4,778	-	56,303
2016.08	뚝섬	2,133,885	875,148	181,560	540,022	16,598	391,489	129,068
2016.08	잠원	317,128	138,827	57,143	105,238	1	-	15,919
2016.08	반포	831,841	281,677	93,391	172,799	8,061	265,486	10,427
2016.08	이촌	466,828	162,690	110,640	167,780	3,180	-	22,538
2016.08	여의도	2,483,132	546,398	8,695	89,888	207,021	1,459,573	171,557
2016.08	양화	349,000	136,786	52,761	144,999	1,728	-	12,726
2016.08	망원	374,356	154,830	60,620	111,390	6,745	-	40,771
2016.08	난지	1,143,450	487,658	45,635	214,400	19,730	339,468	36,559
2016.08	강서	297,450	106,446	61,083	127,418	1,816	-	687
2016.09	합계	7,239,130	2,513,546	693,121	1,698,304	345,390	1,739,338	249,431
2016.09	광나루	410,076	119,225	81,030	200,400	5,405	-	4,016
2016.09	잠실	333,953	156,747	57,328	100,737	4,992	-	14,149
2016.09	뚝섬	1,666,947	690,716	139,432	416,170	42,118	316,886	61,625
2016.09	잠원	304,924	133,209	49,249	105,560	-	-	16,906
2016.09	반포	859,541	253,606	86,199	171,900	40,113	298,708	9,015
2016.09	이촌	334,580	126,480	78,330	109,530	5,540	-	14,700
2016.09	여의도	1,702,319	423,259	6,963	76,034	134,978	967,504	93,581
2016.09	양화	340,257	132,956	56,500	143,177	989	-	6,635
2016.09	망원	317,625	135,890	58,225	112,820	4,410	-	6,280
2016.09	난지	670,315	251,100	24,050	111,600	105,370	156,240	21,955
2016.09	강서	298,593	90,358	55,815	150,376	1,475	-	569
2016.10	합계	7,948,495	2,539,286	713,160	1,583,786	1,329,444	1,560,130	222,689
2016.10	광나루	385,348	113,081	80,211	184,115	6,177	-	1,764
2016.10	잠실	473,075	154,220	76,985	219,655	4,150	-	18,065
2016.10	뚝섬	1,608,787	591,157	194,740	383,100	79,115	312,445	48,230
2016.10	잠원	297,511	130,804	53,221	94,000	3,410	-	16,076
2016.10	반포	673,673	211,480	66,516	114,863	27,882	247,420	5,512
2016.10	이촌	664,620	182,500	64,120	95,630	307,470	-	14,900
2016.10	여의도	2,043,330	326,205	295	55,779	746,598	825,769	88,684
2016.10	양화	312,470	136,494	52,102	115,757	4,082	-	4,035
2016.10	망원	489,850	330,130	52,920	93,955	5,000	-	7,845
2016.10	난지	765,967	280,440	24,928	124,640	144,348	174,496	17,115
2016.10	강서	233,864	82,775	47,122	102,292	1,212	-	463
2016.11	합계	2,348,018	810,211	288,919	452,742	38,660	625,448	132,038
2016.11	광나루	181,301	60,905	36,872	77,570	5,499	-	455
2016.11	잠실	209,710	96,200	45,090	57,690	3,000	-	7,730
2016.11	뚝섬	493,170	173,357	60,030	89,515	7,714	138,695	23,859
2016.11	잠원	122,122	45,260	19,905	41,870	120	-	14,967
2016.11	반포	245,795	50,345	22,668	47,510	2,737	119,326	3,209
2016.11	이촌	109,460	37,030	29,000	31,720	2,350	-	9,360
2016.11	여의도	528,532	147,717	5,651	22,956	6,101	285,635	60,472
2016.11	양화	95,597	45,971	19,002	28,023	201	-	2,400
2016.11	망원	93,987	46,800	22,505	18,170	2,420	-	4,092
2016.11	난지	206,148	77,880	12,528	21,280	7,596	81,792	5,072
2016.11	강서	62,196	28,746	15,668	16,438	922	-	422
2016.12	합계	2,438,536	761,380	288,252	445,545	39,136	803,041	101,182
2016.12	광나루	150,551	51,165	36,113	60,322	2,719	-	232
2016.12	잠실	139,380	61,420	33,180	41,170	-	-	3,610
2016.12	뚝섬	465,905	157,664	57,202	79,675	7,263	150,038	14,063
2016.12	잠원	146,390	54,865	28,720	49,420	4,325	-	9,060
2016.12	반포	237,582	61,915	19,460	49,135	1,013	104,240	1,819
2016.12	이촌	117,150	42,590	24,140	41,600	1,150	-	7,670
2016.12	여의도	752,111	156,358	7,089	30,642	15,137	484,083	58,802
2016.12	양화	98,901	44,671	27,031	25,422	358	-	1,419
2016.12	망원	89,175	37,800	20,175	26,950	1,770	-	2,480
2016.12	난지	172,743	59,380	18,735	24,100	4,410	64,680	1,438
2016.12	강서	68,648	33,552	16,407	17,109	991	-	589
2017.01	합계	3,800,036	1,474,668	410,211	894,080	27,523	881,241	112,313
2017.01	광나루	248,658	83,705	53,890	109,068	1,740	-	255
2017.01	잠실	281,265	119,950	49,786	103,920	1,030	-	6,579
2017.01	뚝섬	1,082,523	486,263	81,155	260,007	6,210	233,402	15,486
2017.01	잠원	194,570	92,720	32,045	59,430	-	-	10,375
2017.01	반포	306,968	113,045	47,257	72,504	723	70,980	2,459
2017.01	이촌	198,750	78,990	49,220	63,400	970	-	6,170
2017.01	여의도	879,612	210,678	4,495	49,543	14,567	533,654	66,675
2017.01	양화	154,949	73,012	30,154	50,255	213	-	1,315
2017.01	망원	146,295	73,440	27,850	40,870	1,415	-	2,720
2017.01	난지	194,949	95,110	7,584	49,050	-	43,205	-
2017.01	강서	111,497	47,755	26,775	36,033	655	-	279
2017.02	합계	3,777,735	1,428,205	420,223	888,555	30,771	909,243	100,738
2017.02	광나루	246,863	81,030	53,686	109,116	2,827	-	204
2017.02	잠실	282,321	118,300	48,801	105,290	5,035	-	4,895
2017.02	뚝섬	936,848	415,113	76,572	234,089	5,955	190,168	14,951
2017.02	잠원	172,573	86,405	29,055	47,860	-	-	9,253
2017.02	반포	326,494	110,056	42,642	86,479	1,842	83,199	2,276
2017.02	이촌	202,040	78,720	52,020	63,880	2,410	-	5,010
2017.02	여의도	1,037,171	259,201	36,985	72,809	7,809	601,471	58,896
2017.02	양화	160,967	75,531	29,132	55,795	280	-	229
2017.02	망원	141,710	71,810	26,930	37,030	2,760	-	3,180
2017.02	난지	168,320	86,473	4,055	40,415	1,300	34,405	1,672
2017.02	강서	102,428	45,566	20,345	35,792	553	-	172
2017.03	합계	5,709,099	2,074,871	652,877	1,477,278	170,708	1,210,060	123,305
2017.03	광나루	339,647	104,240	71,991	160,375	2,627	-	414
2017.03	잠실	368,360	153,510	69,740	139,350	1,300	-	4,460
2017.03	뚝섬	1,384,801	610,227	108,345	380,586	18,133	249,926	17,584
2017.03	잠원	259,630	124,180	42,710	83,495	-	-	9,245
2017.03	반포	458,602	160,002	64,626	112,369	4,658	113,435	3,512
2017.03	이촌	323,930	113,210	92,520	108,580	2,230	-	7,390
2017.03	여의도	1,638,377	414,851	74,632	182,410	129,057	772,184	65,243
2017.03	양화	245,044	98,378	44,653	100,170	1,291	-	552
2017.03	망원	217,735	98,070	37,975	71,850	3,005	-	6,835
2017.03	난지	322,966	144,833	15,165	74,035	6,660	74,515	7,758
2017.03	강서	150,007	53,370	30,520	64,058	1,747	-	312
2017.04	합계	7,837,088	2,617,811	674,099	1,688,858	524,932	2,146,118	185,270
2017.04	광나루	381,926	113,890	75,161	178,490	13,019	-	1,366
2017.04	잠실	385,600	183,390	59,720	133,320	3,190	-	5,980
2017.04	뚝섬	1,520,836	631,444	135,135	430,570	26,641	270,204	26,842
2017.04	잠원	267,250	136,790	34,980	82,560	-	-	12,920
2017.04	반포	573,440	228,754	72,013	126,856	14,820	125,625	5,372
2017.04	이촌	380,620	138,950	100,810	129,990	2,690	-	8,180
2017.04	여의도	3,147,703	702,694	52,344	224,182	412,677	1,661,308	94,498
2017.04	양화	305,636	136,794	45,466	121,308	1,053	-	1,015
2017.04	망원	265,027	117,080	49,255	86,240	7,282	-	5,170
2017.04	난지	441,472	170,853	15,780	99,825	42,495	88,981	23,538
2017.04	강서	167,578	57,172	33,435	75,517	1,065	-	389
2017.05	합계	8,153,353	2,647,920	698,788	1,929,505	318,915	2,396,733	161,492
2017.05	광나루	405,094	122,520	74,747	199,282	6,134	-	2,411
2017.05	잠실	345,810	139,475	62,145	139,820	545	-	3,825
2017.05	뚝섬	1,663,953	650,138	126,836	473,090	44,005	336,848	33,036
2017.05	잠원	295,999	141,960	43,820	86,824	7,060	-	16,335
2017.05	반포	737,798	255,109	74,700	162,753	33,193	206,550	5,493
2017.05	이촌	381,470	132,650	103,710	124,340	7,090	-	13,680
2017.05	여의도	2,878,631	667,940	46,506	256,642	135,381	1,726,427	45,735
2017.05	양화	305,318	115,472	55,123	131,021	2,490	-	1,212
2017.05	망원	279,640	123,520	48,270	95,955	5,975	-	5,920
2017.05	난지	595,937	225,893	27,347	106,305	76,052	126,908	33,432
2017.05	강서	263,703	73,243	35,584	153,473	990	-	413
2017.06	합계	7,290,739	2,453,112	675,743	1,701,350	170,117	2,076,989	213,428
2017.06	광나루	375,973	118,840	68,937	176,187	3,874	-	8,135
2017.06	잠실	367,466	147,025	66,720	142,340	1,950	-	9,431
2017.06	뚝섬	1,773,860	679,874	140,289	460,740	98,607	347,549	46,801
2017.06	잠원	236,679	118,057	36,149	79,190	340	-	2,943
2017.06	반포	672,279	230,002	68,428	162,149	9,633	184,253	17,814
2017.06	이촌	350,620	122,350	96,210	116,000	5,750	-	10,310
2017.06	여의도	2,281,693	545,503	35,681	156,867	31,220	1,432,223	80,199
2017.06	양화	257,971	101,647	45,978	105,544	3,790	-	1,012
2017.06	망원	261,911	112,391	43,522	95,364	3,824	-	6,810
2017.06	난지	481,894	193,000	31,353	104,925	10,195	112,964	29,457
2017.06	강서	230,393	84,423	42,476	102,044	934	-	516
2017.07	합계	7,153,941	2,526,968	738,904	1,481,614	266,901	1,764,733	374,821
2017.07	광나루	398,383	144,800	62,711	165,282	2,989	-	22,601
2017.07	잠실	385,146	152,810	74,966	136,515	80	-	20,775
2017.07	뚝섬	1,696,548	729,550	159,820	347,880	88,171	291,603	79,524
2017.07	잠원	298,257	147,091	58,358	85,390	42	-	7,376
2017.07	반포	489,360	168,905	56,981	128,865	51,326	76,544	6,739
2017.07	이촌	345,495	125,890	86,900	112,000	8,040	-	12,665
2017.07	여의도	2,197,578	541,421	90,228	132,656	47,123	1,221,026	165,124
2017.07	양화	224,788	91,582	40,140	86,890	1,479	-	4,697
2017.07	망원	247,825	94,388	37,167	85,593	2,271	-	28,406
2017.07	난지	653,166	247,696	31,135	108,010	64,573	175,560	26,192
2017.07	강서	217,395	82,835	40,498	92,533	807	-	722
2017.08	합계	7,842,999	2,690,378	791,819	1,675,052	345,069	1,873,500	467,181
2017.08	광나루	618,916	242,435	90,143	256,575	3,273	-	26,490
2017.08	잠실	438,327	160,285	90,600	150,050	4,460	-	32,932
2017.08	뚝섬	1,875,207	861,620	165,250	390,530	52,884	313,684	91,239
2017.08	잠원	6,955	3,340	940	2,580	-	-	95
2017.08	반포	586,145	214,409	52,569	147,531	83,215	76,561	11,860
2017.08	이촌	407,459	151,460	108,960	130,530	2,650	-	13,859
2017.08	여의도	2,483,064	514,209	112,760	156,754	153,349	1,328,116	217,876
2017.08	양화	283,485	112,135	50,606	106,758	1,726	-	12,260
2017.08	망원	293,397	114,056	39,384	101,942	2,269	-	35,746
2017.08	난지	575,075	213,649	31,467	110,474	40,475	155,139	23,871
2017.08	강서	274,969	102,780	49,140	121,328	768	-	953
2017.09	합계	8,725,489	3,121,662	788,239	1,719,288	980,228	1,827,446	288,626
2017.09	광나루	549,914	210,510	74,201	250,472	5,768	-	8,963
2017.09	잠실	503,927	217,280	94,470	175,550	10,380	-	6,247
2017.09	뚝섬	1,686,940	754,150	157,190	341,240	165,855	232,075	36,430
2017.09	잠원	296,199	124,973	66,581	100,398	-	-	4,247
2017.09	반포	12,580	5,520	1,418	3,654	400	1,286	302
2017.09	이촌	658,050	197,540	108,110	128,750	206,220	-	17,430
2017.09	여의도	3,249,232	785,125	102,422	209,040	486,460	1,476,230	189,955
2017.09	양화	506,076	324,788	50,018	124,425	5,091	-	1,754
2017.09	망원	380,970	198,533	47,066	128,862	2,191	-	4,318
2017.09	난지	592,307	207,005	35,850	117,075	96,612	117,855	17,910
2017.09	강서	289,294	96,238	50,913	139,822	1,251	-	1,070
2017.10	합계	6,899,096	3,018,160	638,332	1,483,443	219,408	1,349,369	190,384
2017.10	광나루	609,080	222,872	88,507	286,850	2,338	-	8,513
2017.10	잠실	389,858	139,375	75,415	169,720	233	-	5,115
2017.10	뚝섬	2,298,735	1,449,920	141,960	295,920	95,337	279,146	36,452
2017.10	잠원	10,635	4,700	2,095	3,790	-	-	50
2017.10	반포	15,580	9,393	1,300	2,636	-	1,821	430
2017.10	이촌	358,310	133,310	93,300	106,580	12,850	-	12,270
2017.10	여의도	1,808,195	543,765	77,540	148,620	36,880	901,250	100,140
2017.10	양화	258,109	105,779	38,711	102,693	8,565	-	2,361
2017.10	망원	323,135	126,951	53,098	131,066	7,825	-	4,195
2017.10	난지	532,688	184,300	15,243	92,970	53,355	167,152	19,668
2017.10	강서	294,771	97,795	51,163	142,598	2,025	-	1,190
2017.11	합계	4,556,537	1,859,099	489,277	999,541	82,201	1,030,742	95,677
2017.11	광나루	380,778	144,525	62,253	168,443	1,719	-	3,838
2017.11	잠실	295,560	114,050	62,850	111,560	3,250	-	3,850
2017.11	뚝섬	1,215,938	648,396	98,760	213,620	42,020	190,787	22,355
2017.11	잠원	139,430	136,702	140	56	2,532	-	-
2017.11	반포	14,420	4,970	2,910	4,360	60	2,000	120
2017.11	이촌	252,740	96,750	74,970	71,280	4,460	-	5,280
2017.11	여의도	1,412,080	352,185	82,660	116,440	22,160	787,375	51,260
2017.11	양화	152,081	73,711	23,180	52,422	2,054	-	714
2017.11	망원	238,002	94,520	37,936	100,885	1,666	-	2,995
2017.11	난지	275,914	132,485	11,155	75,805	1,350	50,580	4,539
2017.11	강서	179,594	60,805	32,463	84,670	930	-	726
2017.12	합계	4,008,958	1,731,397	479,267	820,470	120,362	758,843	98,619
2017.12	광나루	290,348	126,500	47,464	114,636	1,276	-	472
2017.12	잠실	272,302	107,230	63,065	98,075	200	-	3,732
2017.12	뚝섬	1,107,662	611,222	93,540	176,720	29,110	165,455	31,615
2017.12	잠원	161,363	73,984	32,810	52,404	141	-	2,024
2017.12	반포	300,519	116,099	39,482	67,194	5,425	68,959	3,360
2017.12	이촌	183,100	71,600	54,540	52,840	860	-	3,260
2017.12	여의도	1,074,640	300,475	73,655	82,120	77,330	492,015	49,045
2017.12	양화	112,928	58,422	17,733	35,462	864	-	447
2017.12	망원	164,218	74,103	25,523	60,679	1,568	-	2,345
2017.12	난지	156,650	110,920	8,590	-	2,790	32,414	1,936
2017.12	강서	185,228	80,842	22,865	80,340	798	-	383
2018.01	합계	3,766,842	1,726,414	479,716	845,019	63,528	556,046	96,119
2018.01	광나루	273,286	119,810	45,193	104,954	1,099	-	2,230
2018.01	잠실	287,507	111,660	63,610	105,695	3,000	-	3,542
2018.01	뚝섬	1,138,242	623,700	111,170	168,100	28,942	159,204	47,126
2018.01	잠원	169,733	74,545	44,214	47,677	1,079	-	2,218
2018.01	반포	363,001	157,833	40,440	82,859	7,573	71,162	3,134
2018.01	이촌	197,640	78,360	59,290	55,200	1,160	-	3,630
2018.01	여의도	688,830	231,620	36,625	49,190	14,580	325,680	31,135
2018.01	양화	113,917	60,044	16,225	36,339	917	-	392
2018.01	망원	162,575	71,119	27,187	60,658	2,608	-	1,003
2018.01	난지	244,157	148,990	11,420	80,320	2,100	-	1,327
2018.01	강서	127,954	48,733	24,342	54,027	470	-	382
2018.02	합계	3,508,933	1,561,786	461,089	811,389	73,874	502,422	98,373
2018.02	광나루	255,541	119,325	39,358	95,370	667	-	821
2018.02	잠실	257,599	105,805	57,745	90,981	-	-	3,068
2018.02	뚝섬	1,138,242	623,700	111,170	168,100	28,942	159,204	47,126
2018.02	잠원	164,870	66,495	42,376	52,718	1,188	-	2,093
2018.02	반포	330,564	145,506	34,692	67,920	8,130	71,098	3,218
2018.02	이촌	198,490	78,040	56,800	57,560	2,610	-	3,480
2018.02	여의도	507,810	107,275	30,180	48,910	14,920	272,120	34,405
2018.02	양화	107,900	53,470	17,300	35,864	902	-	364
2018.02	망원	167,246	70,460	31,622	57,524	6,433	-	1,207
2018.02	난지	244,661	140,530	12,565	80,220	9,155	-	2,191
2018.02	강서	136,010	51,180	27,281	56,222	927	-	400
2018.03	합계	4,792,541	2,014,381	589,406	1,108,707	104,998	855,347	119,702
2018.03	광나루	412,175	176,105	59,105	169,701	6,726	-	538
2018.03	잠실	330,464	125,070	69,485	129,495	2,940	-	3,474
2018.03	뚝섬	1,035,910	559,290	101,880	163,710	24,885	154,010	32,135
2018.03	잠원	231,603	88,920	67,219	70,997	1,152	-	3,315
2018.03	반포	602,405	348,030	48,730	101,384	14,572	85,098	4,591
2018.03	이촌	275,000	107,990	75,570	82,960	3,040	-	5,440
2018.03	여의도	1,111,097	251,152	55,133	90,429	33,239	616,239	64,905
2018.03	양화	166,678	77,769	26,055	61,042	1,215	-	597
2018.03	망원	167,246	70,460	31,008	57,524	6,433	-	1,821
2018.03	난지	244,661	140,530	12,565	80,220	9,155	-	2,191
2018.03	강서	215,302	69,065	42,656	101,245	1,641	-	695
2018.04	합계	9,514,699	4,867,322	604,045	1,384,049	178,914	2,260,798	219,571
2018.04	광나루	357,125	136,580	51,524	157,402	8,517	-	3,102
2018.04	잠실	335,811	125,360	64,450	136,970	5,518	-	3,513
2018.04	뚝섬	1,463,812	710,200	161,290	271,810	25,505	251,167	43,840
2018.04	잠원	179,076	86,159	34,576	54,942	-	-	3,399
2018.04	반포	575,855	309,925	45,736	111,095	13,446	88,706	6,947
2018.04	이촌	267,370	103,830	78,690	72,360	7,270	-	5,220
2018.04	여의도	5,270,190	2,912,020	54,255	213,290	43,960	1,920,925	125,740
2018.04	양화	190,769	90,828	26,685	71,112	1,315	-	829
2018.04	망원	293,536	136,355	35,476	107,446	12,773	-	1,486
2018.04	난지	368,209	184,255	10,775	90,200	58,030	-	24,949
2018.04	강서	212,946	71,810	40,588	97,422	2,580	-	546
2018.05	합계	6,931,330	2,852,303	686,814	1,448,703	208,405	1,520,010	215,095
2018.05	광나루	398,175	158,204	51,952	170,877	11,527	-	5,615
2018.05	잠실	374,264	143,235	72,346	146,804	8,400	-	3,479
2018.05	뚝섬	1,557,568	815,080	156,470	225,420	38,983	274,133	47,482
2018.05	잠원	293,547	101,949	94,115	86,234	6,085	-	5,164
2018.05	반포	662,407	367,984	54,263	121,726	18,197	89,322	10,915
2018.05	이촌	285,030	113,920	75,580	81,340	5,330	-	8,860
2018.05	여의도	2,161,440	635,625	54,060	180,910	36,250	1,156,555	98,040
2018.05	양화	205,144	90,559	28,317	75,804	9,312	-	1,152
2018.05	망원	301,564	140,759	35,549	112,907	9,931	-	2,418
2018.05	난지	415,871	206,665	18,870	98,535	60,690	-	31,111
2018.05	강서	276,320	78,323	45,292	148,146	3,700	-	859
2018.06	합계	6,783,118	2,742,059	688,290	1,494,893	191,630	1,426,406	239,840
2018.06	광나루	384,442	143,659	59,545	178,388	1,561	-	1,289
2018.06	잠실	402,030	144,210	81,505	170,125	-	-	6,190
2018.06	뚝섬	1,594,068	824,040	166,285	272,120	37,223	242,002	52,398
2018.06	잠원	207,363	75,370	41,673	50,491	36,411	-	3,418
2018.06	반포	632,962	326,637	47,030	134,465	17,500	95,954	11,376
2018.06	이촌	296,590	111,590	83,570	86,420	5,680	-	9,330
2018.06	여의도	2,107,700	621,960	61,140	175,330	38,640	1,088,450	122,180
2018.06	양화	214,572	89,470	31,563	88,446	3,624	-	1,469
2018.06	망원	310,295	134,935	49,360	111,958	11,623	-	2,419
2018.06	난지	388,370	192,959	17,344	111,477	37,802	-	28,788
2018.06	강서	244,726	77,229	49,275	115,673	1,566	-	983
2018.07	합계	6,517,501	2,571,746	695,114	1,298,300	210,956	1,418,662	322,723
2018.07	광나루	393,614	162,860	51,102	161,793	1,031	-	16,828
2018.07	잠실	395,914	139,250	80,350	148,210	500	-	27,604
2018.07	뚝섬	1,437,046	811,905	176,435	181,260	51,695	165,837	49,914
2018.07	잠원	189,669	75,393	46,038	43,592	80	-	24,566
2018.07	반포	590,495	345,762	32,948	108,499	2,479	89,028	11,779
2018.07	이촌	293,330	106,620	82,400	88,110	8,380	-	7,820
2018.07	여의도	2,093,100	464,675	76,578	157,640	78,290	1,163,797	152,120
2018.07	양화	180,292	73,716	22,874	71,302	9,426	-	2,974
2018.07	망원	273,610	106,072	52,728	103,407	9,448	-	1,955
2018.07	난지	426,116	201,322	24,125	126,170	48,112	-	26,387
2018.07	강서	244,315	84,171	49,536	108,317	1,515	-	776
2018.08	합계	6,780,946	2,626,243	745,182	1,284,106	224,848	1,556,359	344,208
2018.08	광나루	390,990	145,886	52,357	172,402	460	-	19,885
2018.08	잠실	352,638	131,410	75,455	122,745	2,000	-	21,028
2018.08	뚝섬	1,803,522	992,830	240,777	233,260	64,399	197,792	74,464
2018.08	잠원	167,708	62,369	38,034	45,107	66	-	22,132
2018.08	반포	676,596	360,563	37,641	115,281	11,034	135,812	16,265
2018.08	이촌	271,160	97,990	80,420	77,650	4,490	-	10,610
2018.08	여의도	2,113,582	408,070	75,688	171,190	76,460	1,222,755	159,419
2018.08	양화	145,187	60,733	22,958	52,475	6,538	-	2,483
2018.08	망원	241,217	97,712	48,584	86,109	6,828	-	1,984
2018.08	난지	387,073	183,061	17,710	119,946	51,243	-	15,113
2018.08	강서	231,273	85,619	55,558	87,941	1,330	-	825
2018.09	합계	6,989,508	2,736,112	754,007	1,432,475	277,337	1,527,375	262,202
2018.09	광나루	368,721	145,780	47,226	168,657	2,481	-	4,577
2018.09	잠실	383,504	136,590	83,504	155,520	4,500	-	3,390
2018.09	뚝섬	1,776,847	980,710	216,590	215,230	79,197	207,998	77,122
2018.09	잠원	172,101	72,805	49,865	45,828	677	-	2,926
2018.09	반포	809,258	416,093	47,390	138,273	35,928	154,937	16,637
2018.09	이촌	309,020	120,670	85,340	89,390	3,580	-	10,040
2018.09	여의도	2,020,835	384,120	75,220	205,770	51,030	1,164,440	140,255
2018.09	양화	150,188	62,653	19,769	59,480	7,514	-	772
2018.09	망원	279,623	117,732	39,427	103,703	16,148	-	2,613
2018.09	난지	456,930	218,309	39,873	121,620	74,361	-	2,767
2018.09	강서	262,481	80,650	49,803	129,004	1,921	-	1,103
2018.10	합계	7,428,243	3,191,752	658,288	1,292,169	526,286	1,486,732	273,016
2018.10	광나루	361,105	166,100	34,554	149,941	5,782	-	4,728
2018.10	잠실	379,245	144,025	78,360	145,610	7,550	-	3,700
2018.10	뚝섬	1,770,353	1,027,940	172,860	190,395	91,365	218,230	69,563
2018.10	잠원	165,920	61,278	53,325	46,196	2,460	-	2,661
2018.10	반포	895,008	461,407	49,558	134,294	43,085	187,312	19,352
2018.10	이촌	536,930	134,340	72,430	79,460	238,850	-	11,850
2018.10	여의도	2,295,905	778,050	70,755	186,810	38,530	1,081,190	140,570
2018.10	양화	123,318	53,364	14,486	45,910	8,738	-	820
2018.10	망원	274,228	110,724	43,287	93,553	23,872	-	2,792
2018.10	난지	392,560	175,757	17,353	118,744	64,585	-	16,121
2018.10	강서	233,671	78,767	51,320	101,256	1,469	-	859
2018.11	합계	4,427,552	1,802,854	528,437	967,316	128,242	815,101	185,602
2018.11	광나루	268,712	113,480	33,270	121,041	320	-	601
2018.11	잠실	127,719	50,000	38,652	36,285	389	-	2,393
2018.11	뚝섬	1,197,969	674,640	120,697	138,181	53,265	165,121	46,065
2018.11	잠원	301,425	109,960	70,770	117,655	200	-	2,840
2018.11	반포	499,806	236,533	40,662	93,737	2,587	112,260	14,027
2018.11	이촌	180,100	68,690	53,380	53,630	1,540	-	2,860
2018.11	여의도	1,118,415	255,790	60,655	131,290	31,090	537,720	101,870
2018.11	양화	97,173	42,365	13,401	37,250	3,418	-	739
2018.11	망원	198,688	73,465	41,617	69,424	11,764	-	2,418
2018.11	난지	238,465	108,111	12,789	83,913	22,539	-	11,113
2018.11	강서	199,080	69,820	42,544	84,910	1,130	-	676
2018.12	합계	3,535,685	1,585,072	447,140	691,047	90,368	591,905	130,153
2018.12	광나루	225,400	114,300	26,819	83,336	440	-	505
2018.12	잠실	256,882	100,165	66,542	87,135	200	-	2,840
2018.12	뚝섬	1,075,366	652,470	119,837	118,328	38,290	124,115	22,326
2018.12	잠원	103,776	42,211	29,615	29,114	742	-	2,094
2018.12	반포	403,424	205,261	30,645	55,171	914	103,283	8,150
2018.12	이촌	159,130	62,170	48,200	43,630	1,870	-	3,260
2018.12	여의도	771,450	174,444	46,433	79,636	21,420	364,507	85,010
2018.12	양화	74,977	34,314	10,629	24,295	5,241	-	498
2018.12	망원	155,015	65,876	27,735	53,960	4,667	-	2,777
2018.12	난지	151,384	74,471	8,731	50,006	15,915	-	2,261
2018.12	강서	158,881	59,390	31,954	66,436	669	-	432
2019.01	합계	3,650,518	1,583,371	448,140	771,931	149,070	572,881	125,125
2019.01	광나루	231,665	121,530	17,607	88,773	3,500	-	255
2019.01	잠실	277,545	102,630	67,020	102,195	3,350	-	2,350
2019.01	뚝섬	1,151,460	641,610	118,264	162,375	66,282	143,393	19,536
2019.01	잠원	108,643	48,215	26,564	6,951	26,913	-	-
2019.01	반포	370,282	168,425	29,394	57,982	1,128	104,938	8,415
2019.01	이촌	180,240	69,540	54,650	51,710	1,300	-	3,040
2019.01	여의도	702,780	165,690	41,360	69,120	18,280	324,550	83,780
2019.01	양화	99,928	49,868	11,993	31,373	6,287	-	407
2019.01	망원	196,146	80,463	40,075	65,533	5,900	-	4,175
2019.01	난지	147,070	73,261	7,118	49,099	15,172	-	2,420
2019.01	강서	184,759	62,139	34,095	86,820	958	-	747
2019.02	합계	3,492,400	1,566,327	420,304	752,672	114,162	516,050	122,885
2019.02	광나루	207,147	109,932	17,877	73,507	5,541	-	290
2019.02	잠실	254,738	92,315	62,038	90,250	8,030	-	2,105
2019.02	뚝섬	1,136,935	657,690	112,356	168,865	49,739	129,664	18,621
2019.02	잠원	77,767	39,270	10,669	26,252	-	-	1,576
2019.02	반포	436,183	218,869	33,741	64,401	1,264	107,341	10,567
2019.02	이촌	174,980	65,250	51,190	51,740	3,550	-	3,250
2019.02	여의도	607,885	130,065	34,340	65,325	18,205	279,045	80,905
2019.02	양화	92,796	47,533	11,040	29,708	4,158	-	357
2019.02	망원	202,638	82,579	44,026	66,600	6,556	-	2,877
2019.02	난지	127,020	61,974	6,234	40,894	16,148	-	1,770
2019.02	강서	174,311	60,850	36,793	75,130	971	-	567
2019.03	합계	4,967,892	2,126,485	557,683	1,200,984	125,032	798,572	159,136
2019.03	광나루	265,425	132,150	22,535	101,925	8,476	-	339
2019.03	잠실	310,079	112,615	69,871	118,560	6,530	-	2,503
2019.03	뚝섬	1,516,468	906,310	151,609	305,120	34,817	96,872	21,740
2019.03	잠원	138,536	51,360	39,415	45,672	-	-	2,089
2019.03	반포	541,474	262,069	43,314	106,821	4,263	107,465	17,542
2019.03	이촌	227,410	85,410	66,150	70,220	1,520	-	4,110
2019.03	여의도	1,182,244	250,750	56,959	143,280	34,570	594,235	102,450
2019.03	양화	185,461	88,336	15,468	73,815	7,454	-	388
2019.03	망원	208,108	84,088	39,052	72,041	8,508	-	4,419
2019.03	난지	180,305	87,677	8,886	63,808	17,204	-	2,730
2019.03	강서	212,382	65,720	44,424	99,722	1,690	-	826
2019.04	합계	10,823,440	3,072,127	634,333	1,336,018	4,085,677	1,507,506	187,779
2019.04	광나루	308,133	148,310	29,031	120,620	7,314	-	2,858
2019.04	잠실	338,840	127,185	72,286	131,480	5,000	-	2,889
2019.04	뚝섬	1,981,305	1,305,990	166,498	291,210	47,638	144,763	25,206
2019.04	잠원	145,791	49,722	47,339	45,470	120	-	3,140
2019.04	반포	783,100	443,949	37,179	134,496	8,268	142,366	16,842
2019.04	이촌	222,450	79,880	63,260	67,910	6,640	-	4,760
2019.04	여의도	6,060,718	527,486	95,020	190,950	3,906,704	1,220,377	120,181
2019.04	양화	224,124	111,198	13,395	86,306	12,652	-	573
2019.04	망원	259,489	106,251	51,918	81,141	15,798	-	4,381
2019.04	난지	280,230	107,930	15,471	76,638	74,151	-	6,040
2019.04	강서	219,260	64,226	42,936	109,797	1,392	-	909
2019.05	합계	7,763,028	3,784,888	701,197	1,329,203	318,937	1,428,265	200,538
2019.05	광나루	329,630	157,480	38,766	125,469	2,364	-	5,551
2019.05	잠실	373,243	131,925	83,380	144,175	10,360	-	3,403
2019.05	뚝섬	2,190,337	1,495,200	192,370	219,880	59,638	194,348	28,901
2019.05	잠원	160,223	51,085	60,195	46,190	20	-	2,733
2019.05	반포	1,126,471	674,993	54,613	191,235	42,563	163,067	-
2019.05	이촌	249,650	91,020	69,280	79,700	3,910	-	5,740
2019.05	여의도	2,247,655	773,530	68,365	147,130	58,730	1,070,850	129,050
2019.05	양화	164,336	81,814	13,446	62,963	5,625	-	488
2019.05	망원	288,727	112,417	61,220	90,799	20,022	-	4,269
2019.05	난지	395,420	136,467	12,607	113,485	113,732	-	19,129
2019.05	강서	237,336	78,957	46,955	108,177	1,973	-	1,274
2019.06	합계	6,819,316	2,978,289	777,619	1,352,399	208,433	1,373,156	129,420
2019.06	광나루	330,995	165,420	26,425	130,909	2,393	-	5,848
2019.06	잠실	422,623	171,535	96,540	150,175	500	-	3,873
2019.06	뚝섬	1,869,381	1,172,120	185,428	265,075	53,808	158,736	34,214
2019.06	잠원	146,425	52,559	50,500	40,862	50	-	2,454
2019.06	반포	717,874	358,849	43,756	137,239	3,446	159,325	15,259
2019.06	이촌	244,955	89,120	67,705	75,520	5,085	-	7,525
2019.06	여의도	2,045,349	565,510	178,980	154,600	60,800	1,055,095	30,364
2019.06	양화	204,484	92,703	12,545	91,713	6,591	-	932
2019.06	망원	252,852	94,443	53,578	87,595	13,566	-	3,670
2019.06	난지	344,660	136,560	13,120	110,685	59,985	-	24,310
2019.06	강서	239,718	79,470	49,042	108,026	2,209	-	971
2019.07	합계	5,870,990	2,557,336	634,885	1,229,723	183,489	1,033,026	232,531
2019.07	광나루	282,629	143,532	25,880	98,741	4,071	-	10,405
2019.07	잠실	376,964	130,451	87,955	142,500	1,795	-	14,263
2019.07	뚝섬	1,670,455	928,910	158,292	302,755	23,292	192,392	64,814
2019.07	잠원	133,184	41,565	42,387	38,375	-	-	10,857
2019.07	반포	539,117	277,947	33,483	89,503	1,551	124,671	11,962
2019.07	이촌	245,053	95,340	63,109	71,370	8,990	-	6,244
2019.07	여의도	1,689,028	565,185	102,011	148,915	77,824	715,963	79,130
2019.07	양화	188,374	84,680	14,211	83,292	3,327	-	2,864
2019.07	망원	238,946	90,610	50,072	80,156	14,172	-	3,936
2019.07	난지	299,570	119,955	13,988	92,142	46,255	-	27,230
2019.07	강서	207,670	79,161	43,497	81,974	2,212	-	826
2019.08	합계	6,774,275	3,096,697	694,140	1,339,870	205,881	1,032,811	404,876
2019.08	광나루	284,634	138,430	20,435	104,605	3,920	-	17,244
2019.08	잠실	418,320	170,832	82,471	128,148	9,900	-	26,969
2019.08	뚝섬	1,997,245	1,058,880	221,576	357,540	14,012	224,261	120,976
2019.08	잠원	148,132	46,220	44,165	39,127	-	-	18,620
2019.08	반포	596,088	296,901	33,302	113,945	3,388	133,579	14,973
2019.08	이촌	247,763	99,130	68,165	71,430	2,026	-	7,012
2019.08	여의도	2,023,348	858,590	100,567	150,412	75,775	674,971	163,033
2019.08	양화	240,024	110,874	17,322	105,311	4,509	-	2,008
2019.08	망원	227,306	89,627	43,958	76,095	13,068	-	4,558
2019.08	난지	342,570	127,837	11,378	97,578	77,097	-	28,680
2019.08	강서	248,845	99,376	50,801	95,679	2,186	-	803
2019.09	합계	6,217,109	3,066,651	769,247	1,279,021	167,373	805,472	129,345
2019.09	광나루	257,175	128,595	19,245	103,073	3,490	-	2,772
2019.09	잠실	344,496	137,980	66,662	132,375	2,230	-	5,249
2019.09	뚝섬	1,821,533	834,720	360,302	361,285	30,901	194,427	39,898
2019.09	잠원	136,850	48,735	43,690	41,743	799	-	1,883
2019.09	반포	595,256	317,588	36,262	110,519	4,015	112,514	14,358
2019.09	이촌	236,297	97,180	60,000	69,325	3,200	-	6,592
2019.09	여의도	1,908,495	1,137,857	61,064	124,181	45,602	498,531	41,260
2019.09	양화	222,552	99,731	20,785	97,261	3,491	-	1,284
2019.09	망원	196,677	71,184	44,232	63,646	13,831	-	3,784
2019.09	난지	277,940	111,270	10,595	86,575	57,950	-	11,550
2019.09	강서	219,838	81,811	46,410	89,038	1,864	-	715
2019.10	합계	6,915,114	2,995,668	789,492	1,323,800	935,841	740,714	129,599
2019.10	광나루	277,946	136,725	22,195	113,013	3,054	-	2,959
2019.10	잠실	533,111	211,541	82,716	158,836	71,750	-	8,268
2019.10	뚝섬	1,796,137	929,460	268,497	336,090	31,199	189,862	41,029
2019.10	잠원	174,555	62,420	53,355	52,780	4,306	-	1,694
2019.10	반포	672,043	369,087	42,026	121,502	4,895	121,032	13,501
2019.10	이촌	557,018	372,870	81,340	89,635	3,850	-	9,323
2019.10	여의도	1,871,245	491,440	112,685	78,750	734,050	429,820	24,500
2019.10	양화	257,524	123,620	23,965	104,884	2,864	-	2,191
2019.10	망원	210,729	79,109	40,112	64,292	20,815	-	6,401
2019.10	난지	322,870	127,605	11,885	108,780	55,805	-	18,795
2019.10	강서	241,936	91,791	50,716	95,238	3,253	-	938
2019.11	합계	3,894,836	1,567,395	631,068	893,513	122,803	595,851	84,206
2019.11	광나루	212,218	109,720	19,483	77,413	5,225	-	377
2019.11	잠실	289,689	119,916	54,795	112,682	795	-	1,501
2019.11	뚝섬	1,310,614	670,150	232,589	227,155	17,518	135,657	27,545
2019.11	잠원	125,115	44,875	41,010	37,790	570	-	870
2019.11	반포	433,432	201,917	30,181	78,228	2,348	111,494	9,264
2019.11	이촌	187,290	72,880	53,450	53,135	4,040	-	3,785
2019.11	여의도	668,450	84,590	97,050	68,830	45,500	348,700	23,780
2019.11	양화	150,372	65,126	26,282	56,400	1,268	-	1,296
2019.11	망원	144,881	48,258	32,892	44,473	14,819	-	4,439
2019.11	난지	191,320	75,210	8,490	68,000	28,740	-	10,880
2019.11	강서	181,455	74,753	34,846	69,407	1,980	-	469
2019.12	합계	3,346,762	1,442,621	547,160	731,719	79,472	477,371	68,419
2019.12	광나루	186,660	102,440	19,109	62,740	2,116	-	255
2019.12	잠실	232,068	95,705	56,497	78,398	645	-	823
2019.12	뚝섬	1,293,130	672,650	233,403	209,845	11,831	136,076	29,325
2019.12	잠원	106,431	40,445	33,473	31,861	15	-	637
2019.12	반포	320,284	147,772	24,902	51,801	2,311	88,127	5,371
2019.12	이촌	165,890	71,330	44,495	46,370	1,040	-	2,655
2019.12	여의도	485,409	78,717	45,461	53,922	32,776	253,168	21,365
2019.12	양화	142,823	59,388	31,582	50,060	816	-	977
2019.12	망원	104,435	39,523	21,777	30,405	8,717	-	4,013
2019.12	난지	146,140	65,563	6,822	53,360	17,720	-	2,675
2019.12	강서	163,492	69,088	29,639	62,957	1,485	-	323